3
(
	0
	(
		1
		(
			(8,2(2,3))
		)
	)
	5
	(
		4
		(
			(8,1(9))
			(10,1(2000))
			(1,1(38))
			(10,1(0))
		)
	)
	2
	(
		6
		(
			(1,1(0))
			(129,1,0)
			(10,1(32))
			(8,1(0))
			(8,1(0))
			(8,1(0))
		)
	)
	1
	(
		0
		(
		)
	)
)

4(0(1((8,2(2,3))))5(4((8,1(9))(10,1(2000))(1,1(38))(10,1(0))))2(6((1,1(0))(129,1,0)(10,1(32))(8,1(0))(8,1(0)
)(8,1(0))))1(0())))


4(0(1((8,2(2,3))))5(4((8,2(8,10))(10,1(5000))(1,1(38))(10,1(0))))2(6((1,8(0,1,2,3,4,5,6,7))(129,1,0)(10,4(4279959360,42
83367232,4286775104,4290182976))(8,1(0))(8,1(0))(8,1(0))))1(0())))

5
(
	0
	(
		1
		(
			(8,2(2,4))
		)
	)
	5
	(
		4
		(
			(8,2(8,10))
			(10,1(2000))
			(1,1(38))
			(10,1(0))
		)
	)
	2
	(
		6
		(
			(1,2(0,1))
			(129,3,0)
			(10,2(4278255488,4286644096))
			(8,1(0))
			(8,1(0))
			(8,1(0))
		)
	)
	6
	(
		1(1)
		3
		(
			(8,1(8))
			(129,1,0)
			(1,1(0))
		)
	)
	1
	(
		0
		(
		)
	)
)

5(0(1((8,2(2,4))))5(4((8,2(8,10))(10,1(2000))(1,1(38))(10,1(0))))2(6((1,2(0,1))(129,3,0)(10,2(4286644096,4278255488))
(8,1(0))(8,1(0))(8,1(0))))6(1(1)3((8,1(8))(129,1,0)(1,1(0))))1(0())))

