*** rotate through every hue
8
(
    0(1(
            (0,2(6,7))
    ))
    6(4(
        (0,1(9))(0,1(0))(0,1(240))(0,1(1))
    ))
    5(6(
            (0,1(6))
            (0,1(0))
            (0,1(5000))
            (0,1(252))
            (0,1(0))
            (0,1(5000))
    ))
    6(4(
        (0,1(1))(128,1,0)(128,2,0)(0,1(0))
    ))
    6(4(
        (0,1(5))(128,3,0)(0,1(252))(0,1(0))
    ))
    7(4(
        (128,4,0)(0,1(255))(0,1(255))(0,1(255))
    ))
    3
    (
        9
        (
            (128,1,0)
            (0,1(0))
            (128,1,0)
            (0,1(1))
            (129,5,0)
            (0,1(1))
            (0,1(0))
            (0,1(0))
            (0,1(0))
        )
    )
    1
    (
        0
        (
        )
    )
)

8(0(1((0,2(6,7))))6(4((0,1(9))(0,1(0))(0,1(240))(0,1(1))))5(6((0,1(6))(0,1(0))(0,1(5000))(0,1(252))(
0,1(0))(0,1(5000))))6(4((0,1(1))(128,1,0)(128,2,0)(0,1(0))))6(4((0,1(5))(128,3,0)(0,1(252))(0,1(0))
))7(4((128,4,0)(0,1(255))(0,1(63))(0,1(255))))3(9((128,1,0)(0,1(0))(128,1,0)(0,1(1))(129,5,0)(0,1(1
))(0,1(0))(0,1(0))(0,1(0))))1(0()))


